000000011000011000000110000110000000
000000011000010000000010000110000000
000000011000011000000110000110000000
000000011000010000000010000110000000
000000011000011000000110000110000000
000000011000010000000010000110000000
000000011000011000000110000110000000
000000011000010000000010000110000000
000000011000011000000110000110000000
000000011000010000000010000110000000
000000011000011000000110000110000000
000000011000010000000010000110000000
000000011000011000000110000110000000
000000011000010000000010000110000000
000000011000011000000110000110000000
000000011000010000000010000110000000
000000011000011000000110000110000000
000000011000010000000010000110000000
000000011000011000000110000110000000
000000011000010000000010000110000000
000000011000011000000110000110000000
000000011000010000000010000110000000
000000011000011000000110000110000000
000000011000010000000010000110000000
000000011000011000000110000110000000
000000011000010000000010000110000000
000000011000011000000110000110000000
000000011000010000000010000110000000
000000011000011000000110000110000000
000000011000010000000010000110000000
000000011000011000000110000110000000
000000011000010000000010000110000000
000000011000011000000110000110000000
000000011000010000000010000110000000
000000011000011000000110000110000000
000000011000010000000010000110000000
000000011000011000000110000110000000
000000011000010000000010000110000000
000000011000011000000110000110000000
000000011000010000000010000110000000
000000011000011000000110000110000000
000000011000010000000010000110000000
000000011000011000000110000110000000
000000011000010000000010000110000000
000000011000011000000110000110000000
000000011000010000000010000110000000
000000011000011000000110000110000000
000000011000010000000010000110000000
000000011000011000000110000110000000
000000011000010000000010000110000000
000000011000011000000110000110000000
000000011000010000000010000110000000
000000011000011000000110000110000000
000000011000010000000010000110000000
000000011000011000000110000110000000
000000011000010000000010000110000000
000000011000011000000110000110000000
000000011000010000000010000110000000
000000011000011000000110000110000000
000000011000010000000010000110000000
000000011000011000000110000110000000
