0000000000000000000000000000000000000000000000000000000000000000000000000000000000000000000000000000000000111000111000000000000000000000001000010100001000010000101000010000100001010000100000011100011100000000000000000000000000000000000000000000000000000000000000000000000000000000000000000
0000000000000000000000000000000000000000000000000000000000000000000000000000000000000000001000001000000000010000010000000000110001100000000000000000000000111001101100111000010101010101000000001100011000000000010000010000000000000000000000000000000000000000000000000000000000000000000000000
0000000000000000000000000000000000000000000000000000000000000000000000000000000000000000000000000000000000110000011000000000110001100000001001010101001000011101101101110000010101010101000000001000001000000000011000110000000000000000000000000000000000000000000000000000000000000000000000000
0000000000000000000000000000000000000000000000000000000000000000000000000000000000000000000000000000000000111000111000000000000000000000001000010100001000010000101000010000110101010101100000001000001000000000011000110000000000000000000000000000000000000000000000000000000000000000000000000
0000000000000000000000000000000000000000000000000000000000000000000000000000000000000000001000001000000000010000010000000000110001100000000000000000000000110000101000011000111000000011100000001000001000000000011000110000000000000000000000000000000000000000000000000000000000000000000000000
0000000000000000000000000000000000000000000000000000000000000000000000000000000000000000000000000000000000110000011000000000110001100000000000100010000000110000000000011001111000000011110000101100011010000000011000110000000000000000000000000000000000000000000000000000000000000000000000000
0000000000000000000000000000000000000000000000000000000000000000000000000000000000000000000000000000000000111000111000000001010001010000000001100011000000100000000000001001001100000110010000100100010010000000111000111000000000000000000000000000000000000000000000000000000000000000000000000
0000000000000000000000000000000000000000000000000000000000000000000000000000000000000000001000001000000000101000101000000001001010010000000001100011000000000101000101000000101100000110100000100100010010000000111000111000000000100000100000000000000000000000000000000000000000000000000000000
0000000000000000000000000000000000000000000000000000000000000000000000000000000000000000001000001000000000101000101000000001001010010000000010110110100000001101000101100000001010001010000000100100010010000000101000101000000001110001110000000000000000000000000000000000000000000000000000000
0000000000000000000000000000000000000000000000000000000000000000000000000000000000000000001000001000000000101000101000000011001010011000000010110110100000001101000101100000001011011010000000110110110110000001101101101100000001010001010000000001000001000000000000000000000000000000000000000
0000000000000000000000000000000000000000000000000000000000000000000000000000000000000000001000001000000001101000101100000011001010011000000000110110000000001100000001100000000000000000000000000000000000000000000000000000000011011011011000000001000001000000000000000000000000000000000000000
0000000000000000000000000000000000000000000000000000000000000000000000000000000000000000011000001100000001001000100100000011001010011000000001110111000000000000000000000000000000000000000000000000000000000000000000000000000001110001110000000011100011100000000000000000000000000000000000000
0000000000000000000000000000000000000000000000000000000000000000000000000000000000000000011000001100000001001000100100000011001010011000000011110111100000000001000100000000000000000000000000000000000000000000010000010000000001010001010000000010100010100000000010000010000000000000000000000
0000000000000000000000000000000000000000000000000000000000000000000000000000000000000000011000001100000001001000100100000010001010001000000110010100110000000001101100000000000000000000000000000000000000000000010000010000000001010001010000000010100010100000000010000010000000000000000000000
0000000000000000000000000000000000000000000000000000000000000000000000000000000000000000011000001100000001011000110100000110011011001100000110010100110000000001101100000000000000000000000000000000000000000000010000010000000001010001010000000010100010100000000010000010000000000000000000000
0000000000000000000000000000000000000000000000000000000000000000000000000000000000000000011100011100000011000101000110000100001010000100001111000001111000000001101100000000000000000000000000000000000000000000010000010000000001010001010000000010100010100000000010000010000000000000000000000
0000000000000000000000000000000000000000000000000000000000000000000000000100000100000000111100011110000011110101011110001000010001000010001111010101111000001111000111100000000000000000000000000000000000000000010000010000000001010001010000000010100010100000000010000010000000000000000000000
0000000000000000000000000000000000000000000000000000000000000000000000000110001100000001000000000001000010000101000010001000001010000010001000010100001000010001000100010000001100000110000000000000000000000000010000010000000001010001010000000010100010100000000010000010000000000000000000000
0000000000000000000000000000000000000000000000000000000000000000000000000000000000000000000100010000000110000000000011001100011011000110011000110110001100001011000110100000000100000100000000011000001100000000010000010000000001010001010000000010100010100000000010000010000000000000000000000
0000000000000000000000000000000000000000000000000000000000000000000000000000000000000000000000000000000110001101100011010010011011001001010100000000010100010110101011010000000000000000000000011100011100000000001000100000000001010001010000000010100010100000000010000010000000000000000000000
0000000000000000000000000000000000000000000000000000000000000000000000000000000000000000000000000000001110001101100011110010011011001001110101010101010110011100000001110000010000000001000000001100011000000000101101101000000000011011000000000010100010100000000010000010000000000000000000000
0000000000000000000000000000000000000000000000000000000000000000000000000000000000000110000000000000110110001101100011000011100000111000010001010101000101100000000000001100110100000101100000011110111100000000000000000000000000000000000000000000110110000000000010000010000000000000000000000
0000000000000000000000000000000000000000000000000000000000000000000010000000000000001111000000000001110111111000111111001011101010111010011001100011001101100101000101001111110100000101111000111100011110000000011000110000000000000000000000000000100010000000000001000100000000000000000000000
0000000000000000000000000000000000000000000000000000000000000000000000000000000000000000011000001100000000001000100000010000001010000001000000010100000000000101000101000000000000000000000110100000000010110000001000100000000000110001100000000000000000000000000000000000000000000000000000000
0000000000000000000000000000000000000000000000000000000000000000000000000000000000000000001000001000000000011000110000000000011011000000000000110110000000000000000000000010000000000000001100000000000000011000011000110000100000110001100000000000000000000000000000000000000000000000000000000
0000000000000000000000000000000000000000000000000000000000000000000000000000000000000000001100011000000000010101010000000000000000000000000000110110000000000000000000000010000000000000001010000000000000101000011000110000100000110001100000000000000000000000000000000000000000000000000000000
0000000000000000000000000000000000000000000000000000000000000000000000000000000000000000001100011000000000010000010000000000001010000000000000000000000000000000000000000010000000000000001010000000000000101000011000110000100000110001100000000000000000000000000000000000000000000000000000000
0000000000000000000000000000000000000000000000000000000000000000000000000000000000000000001100011000000000010000010000000000000000000000000000000000000000000000000000000010000000000000001010000000000000101000011000110000100000110001100000000000000000000000000000000000000000000000000000000
0000000000000000000000000000000000000000000000000000000000000000000000000000000000000000001100011000000000011000110000000000000000000000000000000000000000000000000000000010000000000000001010000000000000101000011000110000100000110001100000000000000000000000000000000000000000000000000000000
0000000000000000000000000000000000000000000000000000000000000000000000000000000000000000001100011000000000011000110000000000000000000000000000000000000000000000000000000010000000000000001010000000000000101000011000110000100000110001100000000000000000000000000000000000000000000000000000000
0000000000000000000000000000000000000000000000000000000000000000000000000000000000000000001100011000000000011000110000000000000000000000000000000000000000000000000000000010000000000000001010000000000000101000011000110000100000110001100000000000000000000000000000000000000000000000000000000
0000000000000000000000000000000000000000000000000000000000000000000000000000000000000000001100011000000000011000110000000000000000000000000000000000000000000000000000000010000000000000001010000000000000101000011000110000100000110001100000000000000000000000000000000000000000000000000000000
0000000000000000000000000000000000000000000000000000000000000000000000000000000000000000001100011000000000011000110000000000000000000000000000000000000000000000000000000010000000000000001010000000000000101000011000110000100000110001100000000000000000000000000000000000000000000000000000000
0000000000000000000000000000000000000000000000000000000000000000000000000000000000000000001100011000000000011000110000000000000000000000000000000000000000000000000000000010000000000000001010000000000000101000011000110000100000110001100000000000000000000000000000000000000000000000000000000
0000000000000000000000000000000000000000000000000000000000000000000000000000000000000000001100011000000000011000110000000000000000000000000000000000000000000000000000000010000000000000001010000000000000101000011000110000100000110001100000000000000000000000000000000000000000000000000000000
0000000000000000000000000000000000000000000000000000000000000000000000000000000000000000001100011000000000011000110000000000000000000000000000000000000000000000000000000010000000000000001010000000000000101000011000110000100000110001100000000000000000000000000000000000000000000000000000000
0000000000000000000000000000000000000000000000000000000000000000000000000000000000000000001100011000000000011000110000000000000000000000000000000000000000000000000000000010000000000000001010000000000000101000011000110000100000110001100000000000000000000000000000000000000000000000000000000
0000000000000000000000000000000000000000000000000000000000000000000000000000000000000000001100011000000000011000110000000000000000000000000000000000000000000000000000000010000000000000001010000000000000101000011000110000100000110001100000000000000000000000000000000000000000000000000000000
0000000000000000000000000000000000000000000000000000000000000000000000000000000000000000001100011000000000011000110000000000000000000000000000000000000000000000000000000010000000000000001010000000000000101000011000110000100000110001100000000000000000000000000000000000000000000000000000000
0000000000000000000000000000000000000000000000000000000000000000000000000000000000000000001100011000000000011000110000000000000000000000000000000000000000000000000000000010000000000000001010000000000000101000011000110000100000110001100000000000000000000000000000000000000000000000000000000
0000000000000000000000000000000000000000000000000000000000000000000000000000000000000000001100011000000000011000110000000000000000000000000000000000000000000000000000000010000000000000001010000000000000101000011000110000100000110001100000000000000000000000000000000000000000000000000000000
0000000000000000000000000000000000000000000000000000000000000000000000000000000000000000001100011000000000011000110000000000000000000000000000000000000000000000000000000010000000000000001010000000000000101000011000110000100000110001100000000000000000000000000000000000000000000000000000000
0000000000000000000000000000000000000000000000000000000000000000000000000000000000000000001100011000000000011000110000000000000000000000000000000000000000000000000000000010000000000000001010000000000000101000011000110000100000110001100000000000000000000000000000000000000000000000000000000
0000000000000000000000000000000000000000000000000000000000000000000000000000000000000000001100011000000000011000110000000000000000000000000000000000000000000000000000000010000000000000001010000000000000101000011000110000100000110001100000000000000000000000000000000000000000000000000000000
0000000000000000000000000000000000000000000000000000000000000000000000000000000000000000001100011000000000011000110000000000000000000000000000000000000000000000000000000010000000000000001010000000000000101000011000110000100000110001100000000000000000000000000000000000000000000000000000000
0000000000000000000000000000000000000000000000000000000000000000000000000000000000000000001100011000000000011000110000000000000000000000000000000000000000000000000000000010000000000000001010000000000000101000011000110000100000110001100000000000000000000000000000000000000000000000000000000
0000000000000000000000000000000000000000000000000000000000000000000000000000000000000000001100011000000000011000110000000000000000000000000000000000000000000000000000000010000000000000001010000000000000101000011000110000100000110001100000000000000000000000000000000000000000000000000000000
0000000000000000000000000000000000000000000000000000000000000000000000000000000000000000001100011000000000011000110000000000000000000000000000000000000000000000000000000010000000000000001010000000000000101000011000110000100000110001100000000000000000000000000000000000000000000000000000000
0000000000000000000000000000000000000000000000000000000000000000000000000000000000000000001100011000000000011000110000000000000000000000000000000000000000000000000000000010000000000000001010000000000000101000011000110000100000110001100000000000000000000000000000000000000000000000000000000
0000000000000000000000000000000000000000000000000000000000000000000000000000000000000000001100011000000000011000110000000000000000000000000000000000000000000000000000000010000000000000001010000000000000101000011000110000100000110001100000000000000000000000000000000000000000000000000000000
0000000000000000000000000000000000000000000000000000000000000000000000000000000000000000001100011000000000011000110000000000000000000000000000000000000000000000000000000010000000000000001010000000000000101000011000110000100000110001100000000000000000000000000000000000000000000000000000000
0000000000000000000000000000000000000000000000000000000000000000000000000000000000000000001100011000000000011000110000000000000000000000000000000000000000000000000000000010000000000000001010000000000000101000011000110000100000110001100000000000000000000000000000000000000000000000000000000
0000000000000000000000000000000000000000000000000000000000000000000000000000000000000000001100011000000000011000110000000000000000000000000000000000000000000000000000000010000000000000001010000000000000101000011000110000100000110001100000000000000000000000000000000000000000000000000000000
0000000000000000000000000000000000000000000000000000000000000000000000000000000000000000001100011000000000011000110000000000000000000000000000000000000000000000000000000010000000000000001010000000000000101000011000110000100000110001100000000000000000000000000000000000000000000000000000000
0000000000000000000000000000000000000000000000000000000000000000000000000000000000000000001100011000000000011000110000000000000000000000000000000000000000000000000000000010000000000000001010000000000000101000011000110000100000110001100000000000000000000000000000000000000000000000000000000
0000000000000000000000000000000000000000000000000000000000000000000000000000000000000000001100011000000000011000110000000000000000000000000000000000000000000000000000000010000000000000001010000000000000101000011000110000100000110001100000000000000000000000000000000000000000000000000000000
0000000000000000000000000000000000000000000000000000000000000000000000000000000000000000001100011000000000011000110000000000000000000000000000000000000000000000000000000010000000000000001010000000000000101000011000110000100000110001100000000000000000000000000000000000000000000000000000000
0000000000000000000000000000000000000000000000000000000000000000000000000000000000000000001100011000000000011000110000000000000000000000000000000000000000000000000000000010000000000000001010000000000000101000011000110000100000110001100000000000000000000000000000000000000000000000000000000
0000000000000000000000000000000000000000000000000000000000000000000000000000000000000000001100011000000000011000110000000000000000000000000000000000000000000000000000000010000000000000001010000000000000101000011000110000100000110001100000000000000000000000000000000000000000000000000000000
0000000000000000000000000000000000000000000000000000000000000000000000000000000000000000001100011000000000011000110000000000000000000000000000000000000000000000000000000010000000000000001010000000000000101000011000110000100000110001100000000000000000000000000000000000000000000000000000000
0000000000000000000000000000000000000000000000000000000000000000000000000000000000000000001100011000000000011000110000000000000000000000000000000000000000000000000000000010000000000000001010000000000000101000011000110000100000110001100000000000000000000000000000000000000000000000000000000
